image.width=1920
image.height=1200

samples.x=4
samples.y=4

filter=Mitchell

center.re=-0.862900
center.im=0.232600
scale=0.002500
maxIterations=2000
